
Start:	 2020-01-14 11:58:46.742355 



Best:
  Fitness:	 nan
  Phenotype: (rank(Low))
  Genome: [6517, 97112, 13514, 41134, 43014, 62054, 89873, 86617, 63752, 71971, 99554, 77384]
______

  ave_fitness : 	 nan
  ave_genome_length : 	 13.0
  ave_tree_depth : 	 4.444444444444445
  ave_tree_nodes : 	 8.333333333333334
  ave_used_codons : 	 5.444444444444445
  best_fitness : 	 nan
  gen : 	 5
  invalids : 	 15
  max_genome_length : 	 18
  max_tree_depth : 	 6.0
  max_tree_nodes : 	 16.0
  max_used_codons : 	 10.0
  min_genome_length : 	 8
  min_tree_depth : 	 3.0
  min_tree_nodes : 	 3.0
  min_used_codons : 	 2.0
  runtime_error : 	 45
  time_adjust : 	 0
  time_taken : 	 76.61124038696289
  total_inds : 	 60
  total_time : 	 560.1950273513794


