
Start:	 2020-01-14 06:44:53.024859 



Best:
  Fitness:	 nan
  Phenotype: None
  Genome: [56911, 73291, 80992, 44723, 79302, 93845, 84278]
______

  ave_fitness : 	 nan
  ave_genome_length : 	 10.4
  ave_tree_depth : 	 4.333333333333333
  ave_tree_nodes : 	 10.666666666666666
  ave_used_codons : 	 6.666666666666667
  best_fitness : 	 nan
  gen : 	 5
  invalids : 	 22
  max_genome_length : 	 38
  max_tree_depth : 	 7.0
  max_tree_nodes : 	 29.0
  max_used_codons : 	 18.0
  min_genome_length : 	 3
  min_tree_depth : 	 3.0
  min_tree_nodes : 	 3.0
  min_used_codons : 	 2.0
  runtime_error : 	 38
  time_adjust : 	 0
  time_taken : 	 2.675534725189209
  total_inds : 	 60
  total_time : 	 319.2286763191223


